0 14  1 21  2  3  3  9  4  6 
 0 28  1 16  2 24  3 18  4 52 
 0 71  1 40  2 75  3 42  4 73 
 0 57  1 45  2 31  3 29  4 71 
 0 82  1  1  2 52  3 30  4 48 
 0 68  1 97  2 53  3 60  4 53 
 0 58  1 17  2 73  3 56  4 68 
 0 61  1 65  2  3  3 30  4 72 
 0 84  1 51  2 60  3 73  4 91 
 0  7  1 35  2 26  3 44  4 74 
 0 31  1 22  2 43  3 42  4 35 
 0 12  1 27  2 69  3 10  4 34 
 0 75  1 78  2 65  3 48  4 41 
 0 91  1 23  2 58  3 96  4 86 
 0 47  1 46  2 40  3 95  4 86 
 0 53  1  6  2 46  3 65  4 19 
 0 35  1 85  2 54  3  3  4 49 
 0 89  1 29  2 40  3 31  4 11 
 0 64  1 63  2 72  3 39  4 60 
 0 67  1  7  2 71  3 92  4 25 
 0  1  1  5  2 91  3 71  4 73 
 0 70  1  9  2 74  3 24  4 25 
 0 52  1 99  2 44  3 75  4 44 
 0 31  1 31  2 25  3 11  4 45 
 0 74  1 83  2 18  3 63  4 51 
 0 37  1 74  2 83  3 40  4 68 
 0 83  1 31  2 99  3 40  4 25 
 0 21  1 76  2  9  3 74  4 12 
 0 28  1 66  2 52  3 37  4 53 
 0 46  1 73  2 75  3  8  4 73 
 0 79  1 79  2 88  3 88  4 24 
 0 95  1 48  2 58  3 90  4 39 
 0 27  1 69  2 21  3 30  4 47 
 0 71  1 81  2 72  3 62  4 45 
 0 24  1 89  2 95  3 60  4 35 
 0 99  1 75  2 73  3  3  4 69 
 0  7  1 74  2 72  3 40  4 32 
 0 68  1  8  2 64  3 79  4 94 
 0 35  1 62  2 82  3 38  4  4 
 0 83  1 36  2 91  3 97  4  6 
 0 36  1 24  2 13  3 13  4 99 
 0 89  1 86  2 98  3 23  4 93 
 0 79  1 94  2 38  3 99  4 30 
 0 64  1 67  2 44  3 43  4 24 
 0 51  1 85  2 94  3 99  4 72 
 0 97  1 39  2 47  3 92  4  9 
 0  3  1 43  2 49  3 74  4 72 
 0  9  1 92  2 32  3 97  4 78 
 0 94  1 87  2 81  3 42  4 37 
 0 45  1 23  2 54  3 21  4 18 
 0 17  1  1  2 21  3 73  4 79 
 0 56  1 19  2 52  3 90  4 20 
 0 58  1 49  2 99  3 16  4 40 
 0 49  1 32  2 83  3 45  4 89 
 0 32  1 75  2  3  3 97  4 81 
 0 49  1 74  2 30  3  7  4 86 
 0 26  1 19  2 57  3 47  4 28 
 0 53  1 25  2 54  3 33  4 21 
 0 67  1  5  2 74  3 77  4 94 
 0 31  1 75  2 29  3 91  4 53 
 0 72  1 71  2 45  3 10  4 53 
 0 71  1 80  2 97  3 22  4 46 
 0 93  1 72  2  3  3 22  4 31 
 0 23  1 60  2 55  3  3  4 84 
 0 42  1 64  2 81  3 82  4 79 
 0 79  1 36  2 47  3  4  4 91 
 0 19  1 23  2 71  3 57  4 87 
 0 43  1  7  2 37  3 21  4 45 
 0 26  1 52  2 98  3 97  4 23 
 0 71  1  8  2 48  3 58  4 59 
 0 17  1 87  2 96  3 27  4 75 
 0 37  1  5  2 11  3 25  4 52 
 0 93  1 44  2 48  3 38  4 45 
 0 11  1 37  2  5  3 49  4 21 
 0 21  1 66  2 65  3 13  4 59 
 0 79  1 74  2  2  3 68  4 21 
 0 51  1  6  2 40  3 43  4  9 
 0 26  1 44  2 29  3 60  4 61 
 0 85  1 30  2 23  3 25  4  6 
 0 41  1 78  2 96  3 63  4 58 
 0 76  1 99  2 11  3 48  4 71 
 0 28  1 34  2 55  3 13  4 69 
 0 76  1 77  2 33  3 36  4  2 
 0 40  1 51  2 44  3 71  4 50 
 0 83  1 57  2 67  3 27  4 55 
 0 18  1 68  2 22  3 14  4 92 
 0 74  1 27  2 33  3 11  4 29 
 0  8  1 36  2 96  3 87  4  2 
 0 75  1 36  2 90  3 27  4 94 
 0 66  1 70  2 69  3  6  4 57 
 0 50  1 66  2 11  3 63  4 36 
 0 16  1 79  2 23  3 61  4 74 
 0 14  1 74  2 37  3 55  4 87 
 0 12  1 63  2 30  3 62  4 32 
 0 98  1 47  2  6  3 34  4 76 
 0 71  1 40  2 66  3 17  4 86 
 0 47  1 28  2 94  3 11  4 22 
 0 22  1 44  2 19  3 28  4 29 
 0 71  1 30  2 18  3 46  4 90 
 0 44  1 48  2 57  3 63  4 44 
100 5
 0  7  1 62  2 29  3 10  4 30 
 0 41  1 67  2 39  3 54  4 10 
 0  6  1 30  2 31  3 89  4 54 
 0 14  1  5  2  3  3  9  4  3 
 0 62  1 26  2 50  3 52  4 63 
 0  1  1 57  2 37  3 47  4 63 
 0 40  1 28  2 85  3  5  4 90 
 0 16  1  5  2 70  3 39  4 60 
 0 76  1 41  2 22  3 31  4 88 
 0 75  1 81  2 35  3 93  4 36 
 0 80  1 44  2 59  3 56  4 92 
 0 73  1 93  2 61  3 44  4  1 
 0 73  1 45  2 65  3 60  4 90 
 0 38  1 20  2 88  3 79  4 23 
 0 66  1 50  2 28  3 91  4 49 
 0 64  1 55  2 35  3 17  4 96 
 0  5  1 87  2 69  3 23  4 95 
 0 47  1 90  2 22  3 76  4 46 
 0 26  1 36  2 89  3 46  4 23 
 0 54  1 15  2 21  3 30  4 91 
 0 48  1 14  2 25  3 43  4 50 
 0 54  1 24  2 66  3 54  4 82 
 0 76  1 42  2 88  3 44  4 13 
 0  1  1 53  2 90  3 84  4 77 
 0 57  1 92  2 55  3 56  4 51 
 0 89  1 39  2 65  3  9  4  4 
 0 39  1 55  2 58  3 25  4 32 
 0 20  1 77  2 55  3 56  4 90 
 0 16  1 40  2  2  3 15  4  4 
 0 40  1 66  2 92  3 27  4 73 
 0  5  1 42  2 72  3 98  4 21 
 0 94  1 19  2 22  3 81  4 10 
 0 53  1 54  2  6  3 99  4 58 
 0 12  1 79  2 26  3 77  4 54 
 0 64  1 64  2 65  3 72  4 76 
 0 83  1 66  2 36  3  5  4 12 
 0 22  1 71  2 14  3 21  4 89 
 0 78  1 89  2 97  3  8  4 23 
 0 20  1 72  2 75  3 11  4  7 
 0 93  1 13  2 13  3 73  4 89 
 0 89  1 67  2 81  3 34  4 97 
 0 41  1 72  2 27  3 17  4 70 
 0 77  1 46  2 85  3 80  4 67 
 0 81  1 69  2 16  3  1  4 81 
 0 57  1 82  2 12  3 42  4 91 
 0 95  1 94  2 29  3  3  4 51 
 0 12  1 26  2 21  3 59  4 47 
 0 83  1 50  2 63  3 32  4 73 
 0 31  1 11  2 23  3 49  4 76 
 0 19  1 58  2 74  3 12  4 74 
 0 66  1 11  2 25  3 26  4 13 
 0 73  1 89  2 92  3 61  4 11 
 0 79  1 23  2 73  3 15  4  5 
 0 21  1 29  2  5  3 20  4 28 
 0 91  1 53  2 73  3 24  4 56 
 0 48  1 42  2  1  3 77  4 37 
 0 17  1 37  2 36  3 40  4  3 
 0 76  1 96  2  7  3 75  4 15 
 0 59  1 58  2 11  3 83  4 95 
 0 79  1 41  2 95  3 50  4 94 
 0 12  1  6  2 24  3 82  4 25 
 0 88  1 49  2 59  3 91  4 56 
 0 91  1 34  2 71  3 78  4 79 
 0 60  1 86  2 71  3 88  4  5 
 0  8  1 77  2 69  3 16  4 33 
 0 95  1 92  2 67  3 60  4 45 
 0 59  1 98  2 28  3 23  4 42 
 0 41  1 65  2 55  3 18  4 74 
 0 56  1  1  2 66  3 29  4  9 
 0 20  1 18  2 48  3 45  4 31 
 0 70  1 70  2 46  3 26  4 42 
 0 16  1 27  2 39  3 66  4 45 
 0  4  1 46  2  6  3 73  4 72 
 0 13  1 95  2 20  3 90  4 87 
 0 40  1 70  2 72  3 91  4 37 
 0 64  1 12  2 70  3 68  4 19 
 0 88  1 41  2 61  3 15  4 10 
 0 92  1  4  2 83  3 26  4 25 
 0 95  1 44  2 79  3 11  4 38 
 0 14  1 32  2 82  3 22  4 59 
 0 16  1 70  2 62  3 62  4 58 
 0  2  1 27  2 91  3 96  4 96 
 0 21  1 22  2  8  3 52  4 36 
 0 97  1 57  2 88  3 72  4 86 
 0 59  1 31  2 25  3 17  4 93 
 0 87  1 20  2  9  3 48  4 38 
 0 70  1 86  2 34  3 49  4 47 
 0 11  1 30  2 20  3 99  4 73 
 0 98  1 27  2 93  3 80  4 18 
 0 75  1 47  2  7  3 30  4 10 
 0 28  1 90  2 13  3  6  4 71 
 0 51  1 47  2 11  3 33  4 30 
 0 27  1 41  2 57  3 89  4 99 
 0 58  1 47  2 27  3 12  4 82 
 0 19  1 29  2  7  3 80  4 11 
 0 64  1 12  2 44  3 94  4 45 
 0  5  1 14  2 99  3 52  4 79 
 0 82  1  1  2 51  3 41  4 67 
 0 12  1 42  2 88  3 49  4 35 
 0 55  1 67  2 17  3 93  4 23 
100 5
 0 94  1 65  2 51  3 32  4 15 
 0 17  1 67  2 20  3 11  4 53 
 0  1  1 55  2 55  3 34  4 87 
 0 97  1 35  2 55  3 47  4  5 
 0 91  1 19  2 15  3 33  4 21 
 0  9  1 18  2 46  3  7  4 32 
 0 75  1 35  2 15  3 18  4 53 
 0 38  1 39  2 60  3 69  4 27 
 0 34  1 89  2 40  3 95  4 14 
 0 17  1 57  2 67  3 95  4 29 
 0  7  1 79  2 46  3 71  4 30 
 0 62  1  5  2 29  3 27  4 76 
 0 16  1 33  2 14  3 24  4 58 
 0 61  1 46  2 35  3 32  4 28 
 0 31  1 47  2 81  3  1  4 29 
 0 58  1 46  2  8  3 42  4 43 
 0 14  1 99  2 55  3 82  4 25 
 0 29  1 39  2 55  3 95  4 35 
 0 29  1  7  2  1  3 90  4 83 
 0 31  1 15  2 62  3 28  4 22 
 0 52  1 56  2 97  3 36  4  3 
 0 36  1 32  2 93  3  6  4 10 
 0 85  1 62  2 58  3 83  4 73 
 0 68  1 50  2 46  3 17  4 47 
 0 63  1 99  2 92  3 30  4 87 
 0 21  1 89  2 62  3 96  4 50 
 0 15  1 30  2 58  3 32  4 74 
 0 50  1 24  2  1  3  3  4  7 
 0 55  1 23  2 18  3 64  4 89 
 0 73  1 44  2 14  3 67  4 89 
 0 87  1 83  2 74  3  7  4 72 
 0 90  1 13  2 29  3 92  4  9 
 0 41  1 83  2 85  3 50  4 34 
 0 80  1 73  2 95  3 90  4  7 
 0  5  1 34  2 11  3 40  4 32 
 0 18  1 89  2 30  3 96  4 82 
 0 68  1 18  2 73  3 96  4 77 
 0 94  1 32  2 24  3 18  4 64 
 0 51  1 90  2 83  3 92  4 13 
 0 29  1 73  2 15  3 29  4 55 
 0 12  1 28  2 77  3 85  4 81 
 0 69  1 18  2 63  3 39  4 55 
 0 54  1 81  2 43  3 75  4 37 
 0 99  1 31  2 40  3 61  4 43 
 0  1  1  2  2 98  3 10  4 99 
 0 82  1  3  2 17  3 99  4 39 
 0 99  1 78  2 89  3 21  4 25 
 0 87  1 99  2 18  3 85  4 17 
 0 61  1 71  2 54  3 54  4 13 
 0 24  1  8  2 33  3 33  4 65 
 0 54  1 88  2 66  3 52  4 60 
 0  7  1 76  2 97  3 96  4 70 
 0 77  1 33  2 61  3 64  4 22 
 0 78  1 66  2 51  3 22  4 62 
 0 86  1  3  2  2  3  2  4 37 
 0 83  1 31  2 51  3 85  4 95 
 0 65  1  8  2 72  3 49  4 87 
 0 77  1 63  2 33  3 82  4 18 
 0 98  1 53  2 46  3 91  4 31 
 0 33  1 89  2 83  3 13  4 75 
 0 92  1 63  2 17  3 62  4 23 
 0 15  1 49  2 16  3 56  4 48 
 0 59  1 60  2 93  3 63  4 18 
 0 22  1 53  2 63  3 53  4  5 
 0 79  1 70  2 39  3 88  4 63 
 0 44  1  9  2 55  3 95  4  1 
 0 99  1 16  2 28  3 71  4 25 
 0 19  1 79  2 78  3 75  4  6 
 0 32  1 93  2 68  3 21  4 29 
 0 81  1 69  2 76  3 18  4 27 
 0 57  1  4  2 48  3 59  4 10 
 0 53  1 95  2 64  3 17  4 29 
 0 48  1 87  2 87  3 11  4 53 
 0 97  1 49  2 26  3 80  4 87 
 0  3  1 79  2 14  3 51  4 39 
 0 70  1 14  2 48  3 31  4 46 
 0 21  1  4  2 78  3 77  4 18 
 0 51  1 20  2 82  3 84  4 44 
 0 14  1 10  2 33  3 20  4 24 
 0 41  1 28  2 22  3 16  4 86 
 0 91  1  4  2 45  3 19  4 65 
 0 75  1 91  2 49  3 16  4 45 
 0 35  1 63  2 90  3 73  4 52 
 0 54  1 66  2 82  3 12  4 95 
 0  9  1 25  2 73  3 97  4 22 
 0 25  1 12  2 70  3 92  4 97 
 0 27  1 36  2 95  3 65  4 71 
 0 97  1 94  2 99  3 52  4 31 
 0 20  1 19  2 64  3 22  4 46 
 0 20  1 49  2 97  3 62  4 54 
 0 23  1 19  2 73  3 26  4 59 
 0 46  1 18  2 44  3 41  4 90 
 0 76  1 18  2 68  3 56  4 72 
 0 34  1 53  2 88  3 32  4 65 
 0 86  1 49  2 21  3 54  4 84 
 0 30  1 29  2 58  3 60  4 20 
 0 99  1 42  2 25  3 85  4 17 
 0  9  1 59  2  1  3 66  4 51 
 0 91  1 48  2 27  3 10  4 57 
 0 81  1  3  2 15  3 37  4 72 
100 5
 0 26  1 51  2 23  3 59  4 22 
 0 23  1 52  2 10  3 60  4 34 
 0 92  1 40  2 85  3 61  4 10 
 0 67  1 67  2 83  3 68  4 54 
 0 41  1 87  2 27  3 72  4  6 
 0 58  1  4  2 42  3 12  4  8 
 0  3  1 78  2 87  3 46  4 29 
 0  3  1 50  2 84  3 27  4  6 
 0 37  1 87  2  1  3 45  4 60 
 0 69  1 81  2 45  3 60  4 97 
 0 91  1 29  2 65  3 31  4 97 
 0 20  1 25  2  2  3 99  4 82 
 0 40  1 64  2 86  3 34  4 59 
 0 14  1 79  2 26  3 25  4 39 
 0 31  1 73  2 14  3 43  4  4 
 0 36  1 91  2 43  3 96  4 16 
 0 51  1  5  2 58  3 58  4 46 
 0 87  1 32  2 40  3 40  4 84 
 0 47  1 78  2 43  3 63  4 27 
 0 74  1 14  2 82  3 62  4 60 
 0 49  1 12  2 25  3 17  4 86 
 0 21  1 74  2 21  3 74  4  9 
 0 47  1 21  2 66  3 99  4 91 
 0 39  1 79  2 93  3 16  4 75 
 0 80  1 30  2 32  3 13  4 26 
 0  2  1  3  2 63  3 64  4 37 
 0  7  1 73  2 65  3 47  4 17 
 0 98  1 90  2 77  3 47  4 21 
 0 23  1  4  2 40  3 36  4 41 
 0 17  1  1  2 78  3 39  4 31 
 0 26  1 60  2 76  3 57  4 47 
 0 19  1 37  2 65  3 82  4 49 
 0 94  1 86  2 74  3 22  4 20 
 0 33  1 96  2 59  3 17  4 47 
 0 18  1 85  2 48  3 17  4 32 
 0 94  1 54  2  7  3  9  4  4 
 0 68  1 75  2 89  3 11  4 77 
 0 68  1 77  2 82  3 96  4 44 
 0 18  1 88  2 89  3 14  4 90 
 0 16  1 73  2 44  3  2  4  1 
 0 94  1  1  2 70  3 25  4  3 
 0 24  1  1  2  7  3  8  4 34 
 0 67  1  7  2 92  3 68  4 35 
 0 14  1 27  2 87  3 89  4 69 
 0 39  1 86  2 44  3 10  4 46 
 0 29  1 65  2 34  3 18  4 85 
 0 73  1 11  2 25  3 64  4 85 
 0 64  1 36  2 49  3 79  4 51 
 0  9  1 38  2 68  3 71  4 62 
 0 82  1 99  2 21  3 16  4 98 
 0 36  1 17  2 86  3 95  4 72 
 0 44  1 23  2 61  3 24  4 62 
 0 33  1 44  2  4  3 30  4 18 
 0 65  1 32  2 32  3 59  4 97 
 0 10  1 84  2  9  3 93  4 36 
 0  1  1 12  2 64  3  8  4 31 
 0 26  1 60  2 47  3 97  4 94 
 0 53  1 74  2 28  3 98  4 68 
 0 65  1 16  2 55  3 45  4 79 
 0 22  1 90  2 47  3 82  4 85 
 0 64  1 68  2 54  3 81  4 14 
 0 74  1 44  2  8  3 75  4 91 
 0 76  1 99  2 89  3 31  4 73 
 0 13  1 95  2  8  3 59  4 26 
 0 68  1 65  2 36  3 25  4 53 
 0 93  1 63  2 88  3 23  4  1 
 0 15  1 78  2 14  3 71  4 43 
 0 74  1 61  2  2  3 64  4 85 
 0 32  1 67  2 17  3 88  4 77 
 0 74  1 10  2 51  3 21  4 79 
 0 50  1 91  2 25  3 78  4 78 
 0 25  1 81  2 39  3 67  4 26 
 0 30  1 38  2 73  3  8  4 75 
 0  9  1 35  2 45  3 37  4 52 
 0 41  1 65  2 70  3 24  4 25 
 0 35  1 14  2 50  3 96  4 21 
 0 19  1 80  2 87  3 26  4 95 
 0 89  1 42  2 95  3 62  4 23 
 0 42  1 58  2  7  3 88  4 80 
 0  2  1 52  2 21  3 68  4 77 
 0 59  1 95  2 57  3 63  4 84 
 0 27  1 30  2 46  3 41  4  4 
 0  7  1 45  2  5  3 82  4 76 
 0 53  1  6  2 98  3 86  4 30 
 0 43  1 31  2 62  3  9  4 91 
 0 40  1 11  2 39  3 40  4 41 
 0 53  1  5  2 30  3 12  4 51 
 0 67  1 47  2 35  3 93  4 68 
 0 98  1 35  2 87  3 13  4 67 
 0 33  1 56  2  7  3 37  4  8 
 0 16  1  4  2 49  3 70  4 66 
 0  5  1 85  2 60  3 95  4 53 
 0 53  1 40  2 72  3 76  4 60 
 0 39  1 99  2 86  3 30  4 76 
 0 60  1 61  2  4  3  1  4 13 
 0 52  1  9  2 54  3 60  4 90 
 0 28  1  9  2 24  3 89  4  5 
 0 20  1 13  2 31  3 48  4  1 
 0 84  1 15  2 86  3 39  4 47 
 0 93  1 67  2  9  3  8  4 78 
100 5
 0 31  1 28  2 55  3 71  4 32 
 0 37  1  1  2 91  3 85  4 28 
 0 48  1 98  2 82  3 53  4 73 
 0  7  1 12  2 92  3 10  4 30 
 0 22  1 29  2 84  3 54  4 72 
 0 18  1 18  2 54  3 61  4 56 
 0 95  1 31  2 60  3 86  4 83 
 0 98  1 93  2 21  3 11  4 21 
 0 21  1 13  2 32  3 79  4 33 
 0 79  1 84  2 11  3 15  4 40 
 0 99  1 26  2 26  3 47  4 51 
 0 81  1 27  2 60  3 54  4 73 
 0 65  1 94  2 71  3 78  4 15 
 0 55  1 60  2 94  3 54  4 87 
 0 46  1 91  2 85  3 44  4 12 
 0 56  1 23  2 25  3 69  4 69 
 0 93  1 35  2 10  3 40  4  7 
 0 88  1 52  2 16  3 95  4  2 
 0 43  1 28  2 23  3 35  4 91 
 0 52  1 87  2 21  3 78  4 70 
 0 68  1  8  2 14  3 62  4 26 
 0 11  1 95  2 65  3 93  4 16 
 0 69  1  8  2 75  3 70  4 82 
 0 27  1 47  2 24  3  8  4 16 
 0 65  1 75  2 46  3 84  4 97 
 0 85  1 99  2 54  3 43  4 99 
 0 55  1 85  2 69  3 59  4 28 
 0 49  1 50  2 28  3 44  4 56 
 0  3  1 15  2 93  3 30  4 29 
 0 53  1 75  2 76  3 77  4 67 
 0 25  1 64  2 82  3 77  4 69 
 0 29  1 41  2 71  3 34  4 68 
 0 33  1 49  2 63  3 80  4 78 
 0 35  1 16  2 85  3 37  4 87 
 0 56  1 40  2 16  3 88  4 73 
 0 89  1 64  2 22  3  9  4 87 
 0 36  1 65  2 81  3 73  4 98 
 0 50  1 64  2 43  3 98  4 28 
 0 30  1 26  2 96  3 13  4 60 
 0  9  1 87  2  8  3 19  4 54 
 0 53  1 89  2 50  3 53  4 99 
 0 29  1 55  2 78  3 88  4 52 
 0 26  1 43  2 71  3 39  4  7 
 0 55  1 11  2 46  3 23  4 68 
 0 62  1 83  2 81  3 11  4 40 
 0 93  1 75  2 95  3 17  4 27 
 0 31  1 14  2  6  3  6  4 12 
 0 13  1 52  2 36  3  3  4 49 
 0 62  1 86  2 17  3  1  4 60 
 0 76  1 14  2 46  3 74  4 61 
 0 41  1 10  2 54  3 87  4 48 
 0 82  1 45  2 10  3 77  4 49 
 0  1  1 90  2 82  3 25  4 31 
 0  1  1 46  2 91  3 26  4 58 
 0 65  1 49  2 30  3 13  4 92 
 0 65  1 55  2 93  3  3  4 16 
 0 23  1 27  2 15  3 78  4 57 
 0 33  1 70  2 17  3 45  4 42 
 0  7  1 71  2 34  3 29  4 82 
 0 14  1 69  2 19  3  7  4 46 
 0 74  1 62  2 14  3 60  4 35 
 0 81  1 90  2 45  3 62  4 94 
 0 60  1 30  2  4  3 61  4 33 
 0 35  1 91  2 64  3 95  4 85 
 0 73  1 76  2 14  3 39  4 71 
 0 83  1 55  2  3  3 53  4 70 
 0 24  1 68  2 65  3 78  4 87 
 0 42  1 77  2 69  3  6  4 43 
 0 61  1 77  2 48  3 25  4 23 
 0  9  1  1  2  2  3 10  4 28 
 0 67  1 48  2 51  3 71  4 79 
 0 55  1 34  2  7  3  7  4 13 
 0 58  1 48  2 13  3 28  4 89 
 0 48  1 59  2 70  3 96  4 45 
 0 38  1  5  2 76  3 42  4 75 
 0 55  1 74  2 91  3 63  4 85 
 0 30  1 77  2 87  3 98  4 86 
 0 76  1  4  2 96  3 35  4 34 
 0 47  1 93  2 14  3 93  4 20 
 0  4  1 87  2 31  3 60  4 47 
 0  3  1 74  2 78  3 89  4 11 
 0 57  1 81  2 22  3 84  4 14 
 0 32  1 29  2 50  3 80  4 30 
 0 62  1  6  2 36  3  8  4 81 
 0 61  1 18  2 86  3 59  4 29 
 0 72  1 16  2 83  3 53  4 64 
 0 67  1 84  2 32  3 58  4 73 
 0 59  1 75  2 54  3 64  4 94 
 0 57  1 80  2 98  3 88  4 29 
 0 80  1 38  2 21  3 66  4  8 
 0 97  1 34  2 94  3 72  4 84 
 0 73  1 11  2 72  3 72  4 33 
 0 75  1 13  2 66  3 81  4 18 
 0 58  1 84  2 96  3 11  4 95 
 0 74  1 17  2  2  3 75  4 70 
 0 32  1 53  2 26  3 90  4 85 
 0 87  1 19  2  4  3 90  4 15 
 0  6  1 93  2 54  3 42  4 93 
 0 47  1 71  2 25  3 96  4 62 
 0 65  1 66  2 27  3  7  4 74 
100 5
 0 88  1 43  2  2  3 95  4 20 
 0 11  1  9  2 10  3 10  4  5 
 0 99  1 81  2 40  3 84  4 96 
 0 20  1 83  2 22  3 34  4 32 
 0 63  1 90  2 98  3 26  4 33 
 0 67  1 44  2 85  3 76  4 79 
 0 79  1 60  2 11  3 32  4 35 
 0 91  1 70  2 94  3 50  4  4 
 0 13  1 85  2 49  3 44  4 22 
 0 77  1 11  2 57  3 36  4 13 
 0 13  1 88  2 47  3 18  4 64 
 0 52  1 44  2 65  3 25  4  9 
 0 84  1 97  2 22  3 28  4 55 
 0 73  1 96  2 21  3 81  4 92 
 0 61  1 28  2 18  3 57  4 85 
 0 27  1 93  2 72  3 48  4 20 
 0 67  1 28  2 72  3 79  4 86 
 0  5  1 95  2 25  3 14  4 57 
 0  3  1 94  2 41  3 88  4 49 
 0 13  1  6  2 31  3  8  4 61 
 0 89  1 52  2 82  3 85  4 50 
 0 58  1 23  2 91  3 69  4 26 
 0 55  1 33  2 57  3 60  4 16 
 0  1  1  2  2 89  3 74  4 87 
 0 79  1 60  2 51  3 66  4 32 
 0 74  1 42  2  5  3  7  4 49 
 0 14  1 59  2  4  3 24  4 27 
 0 71  1 45  2 30  3 92  4  9 
 0 13  1  5  2 26  3 57  4 92 
 0 60  1 76  2 78  3 85  4 93 
 0  1  1 45  2 53  3 54  4 43 
 0 55  1 26  2 43  3 33  4 62 
 0 75  1 44  2 58  3 86  4 19 
 0 88  1 47  2 92  3 61  4 27 
 0 78  1 11  2 80  3 16  4  2 
 0 80  1 81  2 64  3 33  4 82 
 0 15  1 82  2  6  3 14  4 61 
 0 93  1 68  2 70  3  5  4 10 
 0 98  1  6  2 94  3 85  4 43 
 0 40  1 87  2 34  3 83  4 94 
 0 27  1 20  2 98  3 94  4 59 
 0 65  1 32  2 28  3 46  4 56 
 0 65  1 35  2 64  3 67  4 82 
 0 70  1  7  2 62  3 74  4 17 
 0 63  1 61  2 43  3 81  4 42 
 0 54  1  4  2 47  3 10  4 34 
 0 42  1 71  2  6  3  9  4 29 
 0 82  1 70  2 11  3 75  4 80 
 0 94  1 11  2 43  3 70  4 32 
 0  4  1 49  2 22  3 92  4 14 
 0 34  1 54  2 41  3 25  4 49 
 0 91  1 63  2 83  3 97  4 53 
 0 50  1 91  2 43  3 45  4 43 
 0 50  1 79  2 48  3 23  4 31 
 0 11  1  5  2 65  3 84  4 22 
 0  3  1 81  2 85  3 20  4 97 
 0 38  1 99  2 15  3 26  4 91 
 0 50  1  4  2 86  3 54  4 10 
 0 90  1 10  2 90  3 82  4 95 
 0 97  1 19  2 59  3 20  4 72 
 0 79  1 24  2 81  3 55  4 10 
 0 45  1 15  2 17  3  2  4 36 
 0 20  1 66  2 83  3 62  4 87 
 0 22  1 48  2 61  3 93  4 76 
 0 51  1 96  2  2  3  5  4 10 
 0 83  1  4  2 83  3 14  4 70 
 0 60  1 82  2 37  3 65  4 12 
 0 50  1 74  2 57  3 16  4 11 
 0  3  1 21  2 85  3 27  4 81 
 0  1  1 69  2  4  3 34  4 50 
 0 13  1 83  2 55  3 80  4 97 
 0 63  1 64  2 23  3 62  4 96 
 0 67  1 22  2 78  3 37  4 84 
 0 19  1  1  2 62  3 28  4  8 
 0 21  1  7  2 83  3  4  4 18 
 0 89  1 34  2 69  3 28  4 40 
 0 83  1 93  2 27  3 92  4 84 
 0 60  1 70  2 94  3 64  4 98 
 0 83  1 31  2 55  3 10  4 91 
 0 67  1 86  2 20  3 30  4 71 
 0 71  1 74  2 19  3  6  4 81 
 0 60  1 71  2 48  3 58  4 83 
 0 25  1  5  2 34  3 77  4 47 
 0 26  1 45  2 90  3 53  4 82 
 0 82  1 76  2 62  3 50  4  1 
 0 60  1 99  2 90  3 99  4 63 
 0 54  1 41  2 93  3 19  4 31 
 0 26  1 28  2 97  3 20  4 22 
 0 97  1 80  2 86  3 69  4 59 
 0 30  1 54  2 22  3 15  4 96 
 0 21  1 99  2 69  3 19  4 19 
 0 71  1 12  2 18  3 30  4 56 
 0 12  1 57  2 89  3 35  4 91 
 0 13  1 13  2 75  3 90  4 64 
 0 47  1 46  2 80  3 50  4 52 
 0 95  1 97  2 35  3 52  4 97 
 0 90  1 90  2 21  3 49  4 56 
 0 67  1 59  2  7  3 73  4 17 
 0 61  1 65  2 68  3 73  4 18 
 0 23  1 82  2 47  3 19  4 15 
